nohup: ignoring input
some information:
 nshots: 25 nreceivers: 400 fwi_iterations: 1000
filter_sigma: (10, 10, 10)
111111
0
1
2
3
4
5
6
7
8
9
10
11
12
13
14
15
16
17
18
19
20
21
22
23
24
Objective value is 685.417451 at iteration 1
loss: 685.4174512344104
1186.6461336612701 min
0
1
2
3
4
5
6
7
8
9
10
11
12
13
14
15
16
17
18
19
20
21
22
23
24
Objective value is 621.994857 at iteration 2
loss: 621.9948565972134
2137.3719301223755 min
0
1
2
3
4
5
6
7
8
9
10
11
12
13
14
15
16
17
18
19
20
21
22
23
24
Objective value is 532.598604 at iteration 3
loss: 532.5986036652226
3083.424364566803 min
0
1
2
3
4
5
6
7
8
9
10
11
12
13
14
15
16
17
18
19
20
21
22
23
24
Objective value is 493.666342 at iteration 4
loss: 493.6663420438266
4042.9549129009247 min
0
1
2
3
4
5
6
7
8
9
10
11
12
13
14
15
16
17
18
19
20
21
22
23
24
Objective value is 455.000723 at iteration 5
loss: 455.00072273673607
4992.592343330383 min
0
1
2
3
4
5
6
7
8
9
10
11
12
13
14
15
16
17
18
19
20
21
22
23
24
Objective value is 410.602130 at iteration 6
loss: 410.6021304406579
5953.70741891861 min
0
1
2
3
4
5
6
7
8
9
10
11
12
13
14
15
16
17
18
19
20
21
22
23
24
Objective value is 405.897264 at iteration 7
loss: 405.89726388868075
6925.188485383987 min
0
